286.389194, -35.514568, -150.106247, -247.175437
573.139429, 151.158087, 469.202218, 54.171698
456.320404, -317.933455, 285.276605, -307.008743
323.124848, 146.045484, -169.014809, 30.794919
485.092071, 406.822924, 211.751831, 232.149957
420.886665, 352.151289, -58.324087, 40.190054
345.003049, -42.458904, -114.805700, -33.378541
350.100975, -177.419912, -49.513557, -302.332608
408.072080, 106.544960, -135.503561, 273.385211
414.940012, -50.595403, 20.992988, 39.266403
421.314989, 30.078688, 263.895780, 39.787453
409.943954, -364.932601, -216.027528, 274.343095
529.746694, 443.829384, 333.118266, -457.098490
330.499370, -40.353607, 16.760441, -32.047860
296.590625, 190.538190, -268.693959, -199.005979
509.419438, -62.334999, -169.764547, 438.748093
547.524238, 354.134785, 238.702710, 261.921115
474.236894, -57.765181, -67.136727, 408.399157
297.804545, -150.516524, 71.969744, -86.079277
392.597329, -349.083161, -56.372298, 262.613069
588.468640, -70.368106, 367.950498, 506.475694
535.953907, -167.876970, 26.636484, 358.697870
415.250296, 267.122002, -296.597760, 39.633448
498.548437, 130.366533, -69.940111, 238.435404
429.225039, -52.118223, 21.564004, 287.342336
482.797816, -336.072313, 394.344035, -232.413175
394.536542, 178.625934, 20.716091, -340.465698
389.974059, -271.134955, 243.272474, 260.655584
525.327009, 340.353450, 430.492134, 251.206915
498.882625, 130.639379, 25.698984, 142.963551
491.345449, 316.855088, -162.621862, 423.466474
390.646684, 327.061602, 95.738583, -187.297556
358.523619, -250.580075, -188.555496, -34.782701
490.034256, -340.594916, 305.598512, 421.431039
311.851344, -98.387242, -223.590734, 149.098519
328.622391, -166.189532, 16.350438, -31.973708
479.107574, 124.591151, -250.821385, -46.194484
485.803428, 405.529723, -439.864326, 232.584628
359.642514, 25.313021, 87.334910, 34.053536
456.258036, -229.458027, 372.352805, 304.976681
301.072830, -210.278339, -42.750787, -202.347920
350.573449, -177.787612, -184.209977, -33.968824
294.963663, -93.124544, -211.429005, 27.997002
392.618588, 253.784687, 322.028993, -338.890241
403.475618, -281.369250, -57.723573, 269.955020
470.779666, 213.215378, 24.681528, -316.045765
514.439505, -160.421603, 321.544715, 245.501599
414.646154, 347.439383, 101.523302, 119.008122
522.243928, -263.407547, 226.098893, 149.141160
285.327225, -199.660095, -259.499584, 27.053446
326.147985, -102.848964, -171.220637, -31.562755
412.381088, -287.645732, -58.935581, 196.901099
407.274099, -361.499113, 175.760903, 272.210655
360.406854, 25.524754, 295.132199, -311.308209
451.456579, 378.702957, 197.039738, 302.563075
296.530773, 20.358859, -41.560226, -255.949142
536.326190, -167.806452, 129.551545, 256.109990
404.249503, 260.163255, -211.214399, -116.340652
496.945990, -60.194830, 215.789749, -48.317443
302.219955, -95.238785, -100.644933, -145.089362
307.139126, -273.609585, -161.627823, -88.678962
357.378858, -249.035297, 17.381680, 239.057409
455.506350, -55.708986, 110.685652, -393.343219
356.775569, -112.910546, -324.045465, -171.172956
422.535911, 111.253870, 346.022197, -121.986773
439.106746, -137.388303, 106.067834, 209.685125
322.783934, 22.274077, -107.308559, 92.505517
478.882225, 124.345094, -342.541378, 45.607212
296.739956, -93.744997, -269.662299, 198.754506
422.978063, 30.083829, 102.523564, 364.239500
376.725204, -119.157780, -342.227925, -36.387250
336.606910, -299.199585, 80.978761, -32.923613
413.556360, 188.230998, 338.868264, -119.305590
551.261950, 249.114748, -394.097659, 475.069180
500.169230, 131.308217, 217.679519, -48.439765
315.646881, -281.150341, -166.151677, -30.661503
361.019750, -182.797952, -51.210511, -104.243179
394.478327, -275.803608, -207.359224, -189.428229
372.157163, -188.160983, 89.998038, -178.875659
414.733203, -209.318465, 259.380019, -199.481152
324.787039, 209.403847, 17.177280, -217.988496
354.742076, 228.186805, -185.312339, -306.018467
368.879034, 308.480662, -51.075636, -176.823982
601.506171, 158.458956, 376.992547, 172.182824
459.517963, -231.815886, 375.619654, -309.153985
400.806470, -279.776803, -134.117609, 191.432949
478.197802, 399.551032, -341.308592, 412.211483
339.192556, -302.278425, -243.576953, -32.900328
567.910332, 366.509445, 29.891682, 54.114520
406.022137, 340.432406, 177.263319, 116.507900
257.638284, -32.167892, -233.850415, -222.318640
586.466992, 379.164416, 368.351089, -169.004203
521.698937, 236.258555, -72.803986, -50.297851
555.376394, 464.533226, -183.466963, 265.884151
569.854595, 259.093759, 357.638741, -164.330518
389.618983, -271.011849, 168.274752, 335.145618
274.230708, -33.773089, -38.552599, -236.738440
463.000594, -55.858828, 289.843704, -45.084415
342.158383, 220.706861, 83.742966, -295.240093
396.763503, 27.646598, -55.874081, 189.694204
370.973416, -330.102766, -124.323099, 177.130437
510.440327, 329.255947, 124.929825, -440.446463
373.148234, -45.741870, -52.625571, -36.140548
383.289584, -120.525138, -127.860097, 183.176675
509.976070, -452.482092, 415.988377, 47.516102
481.263375, 311.282368, 394.633020, -230.955231
386.387812, 248.756747, -201.904962, 36.869762
531.405692, 342.997270, -74.019798, 457.970992
468.447138, 393.593376, 384.056832, 403.649129
390.707380, 27.918744, 319.770731, -112.882149
552.328323, 39.153657, 240.038114, 52.231987
431.252424, -135.644304, -60.974036, -124.459128
503.194167, -60.390072, 314.779624, 240.243406
402.879449, -357.899626, 329.068158, -348.415729
331.366435, -103.764771, 143.781694, -95.771794
347.465107, -242.973810, -182.599524, -233.426360
338.313925, -236.612608, -177.744341, -292.101732
332.679108, -231.764491, 16.127162, 286.279547
306.434880, -37.373913, 74.380538, -147.180700
286.948732, -200.336678, 14.331528, -247.883330
411.725809, -128.438374, 178.271319, 354.332343
413.258535, 265.758015, -295.159499, -118.922796
446.545705, -311.103766, 107.480134, 127.513357
453.682541, -315.297173, 370.103370, 216.221730
382.977691, -266.851514, 165.824677, -110.834590
360.692613, -44.607003, -189.150130, -103.970474
340.572372, -237.104334, 147.276626, 97.191843
384.028088, -193.898325, 240.246026, -258.294585
346.562057, 222.961478, -181.051116, -232.551636
318.818247, -100.281736, 16.188281, -275.316374
338.050470, -235.530896, 211.338107, -227.437671
575.878168, 262.306748, 361.172204, 275.313993
321.572721, 145.269275, -168.174305, -92.583024
485.171779, 34.245134, 304.159794, -326.035673
350.907870, 91.991789, 152.798487, -168.459376
369.713683, 238.264117, -122.324580, 106.106654
388.156191, 27.474141, 243.285805, -186.464365
521.070225, -163.305413, 25.965310, 248.896319
445.695682, -138.790030, 278.432819, 383.497349
528.544345, 341.509425, 332.072127, -354.873994
395.590137, -351.333565, 94.873507, 264.476594
436.386917, 31.571009, 356.902178, 208.379999
535.094315, 448.883858, 438.981128, -154.140082
265.398759, -134.818103, -241.247120, 25.188961
299.554906, -265.982672, 244.542698, -144.267146
548.394634, -65.271779, 448.045607, 471.902007
480.755356, 401.149457, -435.309608, -138.299737
289.064613, -257.117957, -41.410505, 82.592147
359.336551, -250.919706, -51.079796, -172.657353
272.177994, 18.239147, -246.947148, -182.690241
420.886665, 352.151289, -58.324087, 40.190054
381.694165, 99.214694, -199.800874, -109.935923
318.479297, -161.213474, 15.989369, -214.047966
369.238887, 96.405866, -122.608692, 247.369169
337.233435, 22.920900, -241.412654, 96.694974
432.238345, 278.487545, -225.909056, 372.537623
361.643462, 233.112498, -119.668065, 173.085797
322.823885, -102.165687, -293.208462, -154.883696
532.394809, 140.365035, 333.613213, 254.412604
290.988857, -259.290536, -153.041998, -195.518910
351.671557, -312.810208, 17.231409, -101.709324
308.859708, -274.962920, -103.362007, -30.049401
353.360239, 159.285814, -320.303954, -101.710155
405.612356, 28.200523, -57.082643, 116.207401
516.537268, 333.100596, -170.959663, 445.178064
468.143846, 32.061601, -245.380578, 134.199828
468.808537, -236.926670, 23.186340, 134.028957
499.326918, 321.132174, -452.387879, 430.372489
349.240615, 157.891199, -182.689935, 100.200207
329.024076, 148.598534, -172.055913, -157.772460
417.591220, 29.475060, 261.792761, -280.621505
480.822663, -242.797012, 208.409568, -139.059273
416.916997, -371.161120, -139.524115, -40.562449
417.565608, 188.457316, -378.553796, 359.860911
323.696960, 84.606726, 16.762645, -93.305662
385.970571, 174.496761, -201.903603, 110.738354
361.636021, 93.920045, -189.256701, -242.744638
347.084894, 24.130262, 84.489189, -299.660730
428.771779, -53.075825, -224.812647, -205.747665
484.473654, 405.929743, 25.667925, 417.582704
459.373822, -408.138080, 22.022288, 395.221571
313.896445, 21.232382, -284.912697, 210.308395
531.405692, 342.997270, -74.019798, 457.970992
386.253932, 248.976833, 20.453706, -333.261237
395.518526, 254.738877, -130.814917, -113.842360
454.703733, 380.327638, -150.210044, 217.687531
469.707803, 213.889701, 384.822957, -45.502283
305.762716, 79.624727, -101.426491, -88.086184
382.671021, 246.936289, -53.284713, 256.460293
510.337801, 37.156791, 417.236993, 439.272989
503.333179, -156.848988, 314.521143, 336.644466
481.773830, 124.986267, -437.023422, 322.832374
300.675240, -37.385292, -215.278781, -201.865454
420.473621, 191.009711, 263.980263, -282.394570
433.083829, 362.584559, 23.022008, 41.336936
298.484717, -266.137502, -271.570207, -28.912332
330.052855, 22.730417, -109.697685, 31.350179
465.815805, -235.720058, -66.205171, 43.992052
320.780656, 22.162599, 16.562046, -276.913810
481.599448, 125.154376, -344.529421, 230.417862
421.032141, -52.308339, -382.358895, 201.375411
407.519156, -363.196248, -370.977068, 272.829352
323.357836, 22.542999, 16.555955, -31.302736
469.246876, 123.757774, 384.150285, 44.352035
407.491138, -50.585651, -291.822846, -117.425792
403.517259, 183.629552, 253.158767, 38.273849
452.056438, -141.203988, 195.871087, 215.802305
496.989734, 320.337398, -69.079329, -143.072375
448.254178, 116.910742, -148.786578, 128.525422
375.793130, -117.717051, 90.881771, 35.447139
455.293002, -230.664444, -239.447051, 304.811847
453.363209, -142.598937, -64.100242, -130.840284
423.124850, 192.268987, 103.110480, 202.366416
346.269298, 90.242263, -48.409789, -232.480675
458.176597, -319.041151, 286.258807, -132.683919
538.357212, 38.213606, 337.353581, -155.464102
416.206973, -130.212050, 340.470339, -359.679576
316.378534, 82.825371, 137.835770, -273.133032
373.043209, -261.141808, -339.149351, -179.042156
415.635124, 108.637187, 21.523662, -119.806841
307.079578, -97.183007, -278.908517, -147.329929
282.191826, -34.633031, 14.448310, -243.644633
359.260648, -112.531298, 17.854969, 240.442372
465.705405, -57.313525, -154.971485, -45.056318
342.131219, -172.606283, 82.411818, 228.866571
394.297983, -124.785451, -358.125624, -189.175373
286.389335, -200.022944, -40.665806, -192.479295
315.092791, -219.428175, 136.315744, 29.550716
480.041266, 402.224371, 209.677797, -138.203887
375.943943, -45.720093, 91.153676, -36.501621
278.844666, -194.792891, -39.550932, -240.837494
399.520753, 181.107723, -55.830948, 191.136093
444.968913, -395.314010, 192.377774, -43.608317
335.105619, -297.984229, 80.743963, -161.183745
402.243833, -126.216422, 97.453823, -193.267044
478.357144, -149.224101, 207.121723, 411.675449
372.611698, 97.056548, -52.061115, -321.567488
407.815987, -362.780240, 98.418444, -352.434284
289.281542, -258.008916, -263.085280, -194.290651
367.170864, 95.291207, -333.077376, 316.393826
340.425950, 219.255783, -112.593442, -97.985027
322.871591, -224.824499, 201.723172, -93.500777
464.216040, -56.285575, 23.268087, 399.718311
288.662211, 19.443201, -261.965481, 27.477164
511.694792, -61.733552, 320.326832, -49.825984
429.107286, -52.268097, -60.747823, 369.534839
373.129354, 97.031686, -195.339891, -35.976300
367.811590, -116.001876, -122.402225, -317.530579
462.731672, 298.483994, 24.413209, -133.237066
521.539843, -163.276830, 126.054278, 149.121160
259.641950, -181.272123, 12.967703, -224.294112
314.055399, 21.833964, 76.448980, -271.144241
499.030352, -60.416845, 120.804706, 238.393277
495.149114, -439.561928, 308.930280, 46.239407
230.606918, -205.696598, -209.693923, -199.067637
405.395131, 27.866485, -212.547776, 271.564215
438.755547, 198.593653, -145.402063, 125.861957
449.592660, 375.644000, -234.690239, -43.192974
371.147672, -329.942679, 160.683073, -249.703497
366.982871, -115.290761, -122.501200, 316.017503
429.165369, 359.838932, 105.007848, 369.890355
604.664846, 159.336811, 262.825508, 520.748583
323.887164, 270.448681, -231.169750, -31.113170
372.693950, 25.749267, 19.242352, -321.727947
547.056878, 353.632014, 133.572704, 366.565920
287.544234, -200.745886, -40.918968, -83.069932
468.771790, -326.904429, -67.065224, 313.642986
322.545923, -287.560804, -293.502665, 30.551697
363.188191, 234.631085, 158.457931, -104.628613
352.601117, -43.564706, -184.938373, -34.080486
563.355688, 148.770700, 352.880248, 485.108852
418.537227, -132.304897, -380.279264, 119.951179
440.907910, 284.549266, 107.844685, -211.468952
433.047200, -301.821227, 187.584043, -208.295374
471.215334, -148.036268, -157.294655, 405.774506
436.010075, 30.247754, -61.319747, 41.375816
503.333179, -156.848988, 314.521143, 336.644466
302.420685, -153.171244, -42.855863, -145.265993
296.530773, 20.358859, -41.560226, -255.949142
569.164220, 149.703118, 356.860531, -55.188391
506.357107, 36.472818, 316.958731, 338.887277
385.623778, 26.507421, -202.181699, 258.319872
324.465630, 22.816355, 141.133918, -155.825186
552.118510, -66.662651, 239.593073, 157.891922
399.520753, 181.107723, -55.830948, 191.136093
569.972352, -395.982890, 464.855389, 380.853583
344.762642, -108.916148, -313.302892, 230.919791
362.027264, 302.761457, -119.586347, 103.949290
342.404661, -107.844902, -48.281954, -295.638938
259.358149, 67.103452, -235.188839, -223.762201
464.566182, 299.641440, -64.643511, 133.308714
341.734248, -42.340288, -179.146075, -229.461047
544.068436, 455.931333, 342.078745, -365.192880
453.058136, -403.312898, -238.747341, 303.196010
406.271994, -205.042261, 97.925447, 193.929589
442.959654, -309.201186, -148.222881, 211.566128
525.836598, 441.458184, 431.244712, 150.806914
330.282606, -293.341996, 206.204812, -95.714925
271.821564, -137.914248, -142.764723, -130.496983
296.660110, -36.408704, 15.189090, -256.136560
394.159084, -48.345156, -131.278825, 188.427440
366.969284, 25.737860, 159.669037, -246.554368
553.825577, 145.556461, 347.311329, -159.819262
301.668937, -95.273717, -216.207422, -29.164164
347.299601, -309.426985, -182.709982, -166.813591
400.824910, -356.249988, 173.451547, -192.872117
443.587310, 371.459334, 108.686424, -127.679992
336.158242, -170.055490, 16.775628, -97.113190
340.493214, 284.314882, -243.022077, -32.708376
457.492520, 295.476932, 23.998312, 306.580555
335.404558, -41.440030, -175.918823, -32.418361
293.929969, 19.720938, -266.699093, -140.971375
312.140804, -98.049760, 75.715994, -269.594708
324.710079, -102.471890, -170.397880, -155.850438
420.280288, 351.802762, 103.026886, -282.042161
370.503612, -258.456722, 89.499507, -249.134483
447.819471, 202.816741, 23.477795, -300.632031
351.279065, -176.982821, 286.942860, -34.415724
325.957120, -103.039157, -296.161788, 93.418072
465.380888, -147.021422, -422.914669, 311.709114
295.556452, 76.540879, -268.050162, -85.097051
510.155040, -61.857895, 123.563167, 145.959692
533.048696, -63.569571, 435.591659, 356.553927
391.177624, 102.913629, 320.394662, -187.888629
373.459424, 97.253861, -123.882596, -107.588708
296.696335, -36.861063, -269.443759, 141.906853
395.356835, -200.518082, -131.733857, -341.359407
315.515057, -99.825261, -286.596684, -90.925533
459.180282, -407.617856, 374.753428, -133.166788
335.159434, 151.148951, -239.505831, -289.145661
572.912786, -178.224876, 467.859555, 383.085760
273.117402, -243.200532, -143.845019, 78.120998
327.989802, 22.122514, -297.672561, 94.062798
377.427821, -191.328582, -125.859008, -181.244077
406.230112, 339.607101, -56.214290, -350.418187
438.789456, 30.735183, 22.374221, 125.669409
324.705949, -40.341425, -232.510692, -155.783486
419.530344, -51.741035, -139.521773, -201.353457
366.833582, -44.941006, -122.212905, 245.652396
404.011922, 28.100855, 20.728324, -116.520627
448.414674, 202.538095, -320.546231, 214.590020
314.211308, 141.854714, -224.592238, 29.957334
355.789437, 24.690572, 18.292313, -170.784637
440.306770, -307.978298, -400.595418, 294.825371
319.206071, -223.239871, -290.451182, 274.898691
345.302916, 23.688768, -114.707813, -99.522010
510.076606, 328.448310, -266.552147, 146.407090
478.197802, 399.551032, -341.308592, 412.211483
398.361109, -124.393600, 249.121392, 37.453125
583.839938, 488.087833, -304.797391, 391.395363
426.996279, 274.532750, -386.854381, 204.390568
387.340274, -270.426230, 19.345539, -334.607496
467.634230, 212.745290, 383.235691, -224.513002
475.855128, -148.491515, 297.505560, 135.912869
443.462078, -394.381599, -63.602620, 211.670776
588.387260, 155.127355, 368.699621, 281.169411
315.637589, 203.358509, -43.838215, -211.828581
328.304195, 85.212377, -234.818147, -31.636660
365.043924, -254.706076, -122.252767, 314.239290
289.281542, -258.008916, -263.085280, -194.290651
358.565100, 299.682268, -118.405366, -171.867754
466.653893, -324.203370, 380.591403, 311.816541
437.271961, -136.844544, 189.666777, -42.599566
421.337499, 270.835436, -300.901561, -363.454547
375.021427, 25.878786, -124.674759, 107.476078
314.680111, -39.289952, -285.625542, -271.540600
279.084895, -88.274255, -253.528682, -26.956338
359.808643, -320.106377, 17.694539, -172.999428
383.235598, 320.912729, 20.354536, 110.012424
507.001748, 132.347755, -71.005846, -48.954910
385.370960, -121.926849, -350.049980, -111.056697
398.162414, -201.610509, 20.050375, -343.895120
363.178572, 304.125180, 88.984918, -104.535536
384.216212, 100.240020, -53.778501, -110.716942
572.170369, 150.730822, 358.606403, 163.785369
421.187443, -131.342100, 263.258547, 200.999709
445.524753, 30.682854, -148.076386, 42.318315
449.394730, 375.293599, -320.750485, 42.938223
407.450603, -283.462595, 254.330497, 116.201224
436.609326, -136.767701, 105.589554, 41.183700
373.906481, -188.861586, 233.981838, -323.132580
429.336945, -53.005074, -142.739397, -288.324517
602.286653, -187.362661, 491.847228, 402.726987
295.162468, -262.516946, 71.175576, -198.524133
355.382688, -247.606823, 222.173644, -239.098649
563.120704, 472.051715, 137.814130, 377.433144
539.793354, 141.635751, 131.302265, 154.636276
430.343761, -135.819048, -308.508370, 123.298059
303.597760, -153.601195, 73.516495, -262.266843
312.214031, -218.181580, -224.246992, 268.842068
419.590271, -130.909565, 342.942327, -41.015354
415.127716, 29.040622, 180.676580, -358.458285
281.333917, 72.964912, -201.194865, -134.919701
430.066486, 359.042615, -389.392999, 288.307505
467.853001, 123.096947, 203.459845, 223.623925
387.089968, -344.438977, 19.105751, -260.282294
357.103241, -112.889844, -255.836057, -239.784378
341.734248, -42.340288, -179.146075, -229.461047
319.967089, -100.543624, 16.158816, -153.690102
274.170423, 18.705152, -91.006154, -236.623106
509.406473, 132.720052, -266.799496, 341.304167
399.353639, -48.074354, 326.658667, -115.466808
458.135935, 119.247424, -239.895607, 131.387334
388.455847, 176.287033, 169.369618, -260.849982
583.494510, 376.437352, -81.220514, 279.240859
411.262658, 264.239090, -372.584891, -197.144227
483.705982, 311.707621, -67.207198, -231.933478
449.592660, 375.644000, -234.690239, -43.192974
355.706611, 92.751367, -49.758790, -170.658120
494.340632, -154.798847, 214.497082, -142.874727
527.591058, -467.746690, 430.015805, 352.410990
297.967390, 191.588035, -212.809476, -142.839445
378.885308, 26.833437, 310.263950, -327.269322
379.442917, -264.847149, -54.054979, -36.920920
307.845479, -214.289168, 251.444858, -148.193183
523.176930, -363.973177, 326.566822, 149.205326
250.519779, -79.324716, -227.494440, -216.195962
331.327298, 213.354140, -109.570044, -158.852949
492.362104, -61.072085, -447.198955, 424.172456
314.612916, -99.487759, -225.364682, -271.536650
287.289263, -145.597030, -95.838286, -82.915080
480.041266, 402.224371, 209.677797, -138.203887
524.707222, 137.695722, 329.181038, -352.500930
655.228440, 173.251591, 536.148221, 438.582036
345.259483, -307.905563, -314.038794, -165.737516
455.108956, 118.545136, -63.587590, -392.763417
478.882225, 124.345094, -342.541378, 45.607212
352.061908, -109.969776, 152.544556, 168.067004
277.660591, -141.097684, -252.339031, -80.041146
547.491098, 459.168565, 449.201427, -262.623162
323.019200, 146.246545, 16.960901, -278.749737
394.420722, 26.718572, -358.020389, 339.835540
319.360702, -284.422839, -229.551328, 274.957677
485.448333, 35.344633, 396.888105, 417.849392
370.348984, -329.323504, 89.235879, -178.135588
342.698884, -108.195284, -245.645458, 32.527876
250.519779, -79.324716, -227.494440, -216.195962
452.530726, 378.562293, -62.692716, -43.498782
303.765613, -153.762755, -43.131352, -29.511502
313.817246, -38.535080, -104.489767, 89.892180
395.364359, 103.338889, 20.473941, -113.963793
435.792382, 113.431658, -228.195760, 124.979498
339.966455, 218.546692, -308.004663, 97.591519
314.041778, -219.702439, -225.293330, -150.761919
293.141337, -204.780136, -41.578752, -253.185496
350.253487, -311.661274, 17.287598, -235.513159
423.255806, -294.916533, 183.264611, -122.491166
377.751540, -190.403580, 308.638410, -109.385751
331.828458, 86.779269, 80.885176, -222.847822
429.081741, -298.396303, 350.207723, 40.075816
315.165700, 263.135474, -224.943423, -90.664269
528.415903, -63.588948, 229.161311, 353.611006
256.195953, -179.284487, -183.730460, -221.167015
513.425034, 331.155005, -71.442128, 147.328914
272.957605, -190.951284, -248.309836, 130.472176
341.038216, -238.359140, -179.359536, -33.086329
523.176930, -363.973177, 326.566822, 149.205326
422.104371, 190.478863, -301.683678, -121.509743
306.586066, -154.814210, 132.887808, -88.668107
354.931620, 92.299395, -185.813052, -34.221715
331.343830, 23.147087, 80.578690, -159.087706
329.876629, -294.127427, -300.131495, -31.953068
297.850638, -265.438491, -156.605987, -257.198689
415.097923, 108.357177, -58.134669, -40.080890
263.066341, -133.726764, -239.023369, -176.639296
434.104613, -53.073934, 22.066861, -125.269035
386.438359, -46.927155, 93.647994, 36.521190
353.735838, -315.383884, -253.823532, -305.404763
344.665463, 155.588372, -180.201970, -297.361852
507.126034, 35.354461, 25.964907, -49.092462
396.862398, 331.828361, -54.934376, -266.286120
319.762662, -284.321129, 15.554102, 30.045244
509.233025, 329.276153, 124.302682, 438.804515
357.578188, -112.924561, -187.569845, -308.655818
279.206567, -248.486157, 13.831287, -241.238282
510.256417, 328.111998, -462.288921, 342.016825
471.866591, 34.246159, 385.851599, 315.738685
520.662067, 135.586743, -272.665788, 249.080859
437.391373, 283.091907, 358.566174, -42.276993
321.004355, 83.351009, -229.612352, 30.571429
392.597329, -349.083161, -56.372298, 262.613069
413.258535, 265.758015, -295.159499, -118.922796
298.733974, 192.293724, -98.764894, -257.715098
358.697652, -112.156731, 224.435517, -103.728711
455.987897, 380.583695, -325.442141, -393.304330
430.887310, 30.672993, 269.950159, -41.868738
511.457829, 429.274764, 419.497916, 48.678418
307.083174, -155.940697, -220.166587, -147.390166
471.425520, 213.130826, -246.605617, 135.256132
325.985262, -102.918538, -233.665188, 30.941473
543.624468, -65.307970, 235.682491, 467.956780
282.068797, 19.365945, -39.533310, -243.466355
328.582820, 148.144776, -297.852144, -31.620724
467.185931, -414.083154, 380.682164, 401.579734
443.462078, -394.381599, -63.602620, 211.670776
445.887071, 201.301421, -318.711556, 42.511480
325.140717, -102.503456, -108.240142, -218.391768
333.752246, -40.333965, 208.983177, -96.446977
535.510318, 36.880087, -280.803884, 461.337531
645.826015, 418.717147, 529.107949, 556.343857
294.392943, -149.147523, -41.676736, -197.816549
381.069783, 25.702694, -345.846174, 109.285380
467.230150, 122.590021, 23.945633, 402.477779
346.269298, 90.242263, -48.409789, -232.480675
471.972055, 394.567159, -65.311687, -407.127850
394.703149, -48.127837, 19.969148, 37.351358
315.573047, 142.922542, 16.544523, -211.851812
347.274825, 90.480402, -115.221227, -33.505907
370.970673, 310.465778, 19.755588, -106.758246
455.223525, 207.003896, 373.119789, -305.785796
300.401988, -37.458062, -272.708424, -144.100646
472.659615, 214.212522, 24.705566, -136.169620
313.011479, -218.186289, 75.447639, -30.559306
333.357327, -233.072826, -239.313855, 95.436125
659.954489, 427.726255, 540.749193, 442.047320
373.324056, -188.733787, 18.519051, 35.203618
503.686276, -253.465915, 314.384885, 433.283651
552.216299, 461.019844, -499.990508, 370.194165
372.864936, -117.756172, -338.869734, 321.186805
411.886528, 186.115649, -136.358128, -355.379737
479.999813, -334.499306, 115.615043, 45.101718
485.417177, 312.765040, -160.587726, 46.302803
345.999519, -174.875252, 83.616913, -100.009852
322.450071, -224.592934, 263.505721, -278.791420
437.099866, 364.796036, -395.774814, 41.762267
442.783648, -224.218819, -147.880669, 126.710048
339.087511, 23.630639, 82.501982, -227.779531
376.905518, -263.427590, -198.222943, -36.566049
474.442094, -420.846231, 386.900709, 135.104707
311.931394, -158.073942, -164.014689, 149.067033
270.080141, -240.811170, -245.726885, -26.160959
588.410901, 493.039954, 144.068423, 168.880563
457.118324, 294.137462, -238.823074, -219.145465
477.362769, 216.946120, 299.643474, -229.128767
474.233943, 124.008482, -66.529091, 226.806772
314.829830, 202.615347, -164.493939, -90.606191
320.715650, -101.016401, -168.466915, 153.306092
369.981545, 97.012486, 90.033378, 35.098735
396.870505, 103.225137, -283.950288, 341.971492
331.752824, 150.250337, 17.392779, -222.713687
366.952330, 306.647708, -121.164256, -246.204154
286.451954, -90.342352, -95.326949, -247.293064
503.099801, 228.774686, 412.361139, -337.945569
395.660032, -123.822064, 171.617597, -38.545682
389.164701, 325.404878, -128.541103, 37.172721
395.853840, 330.699704, -206.631998, -113.880303
356.635406, 24.469321, -186.958133, 170.566896
475.656580, 215.986455, 298.678033, -410.606073
301.668937, -95.273717, -216.207422, -29.164164
422.978063, 30.083829, 102.523564, 364.239500
400.444137, 180.767898, -209.364820, -345.485182
587.658069, 491.950851, -81.494137, 393.930143
618.055451, 517.647014, 32.798641, 295.850292
359.892031, 300.423808, -325.859507, 172.302931
427.577165, -215.659860, 185.114117, 122.106455
503.099801, 228.774686, 412.361139, -337.945569
497.445708, -441.536013, 214.674852, 332.478845
359.534831, -112.329545, 293.983594, -172.920609
428.391256, -135.141766, -224.851578, -123.534947
394.998300, 254.094309, -282.132516, 37.700502
423.104244, 273.195652, 22.219130, 202.460846
378.861894, 171.887229, 92.454784, -109.178661
416.345739, -131.689713, -378.220350, -40.214130
390.476922, -272.366416, 19.244399, -38.056446
379.529629, -192.170204, -53.836130, -109.587841
410.954975, 28.997280, 20.828838, 353.929675
350.442991, 292.937407, -115.733080, -100.824049
313.771848, -38.781296, -224.826290, 210.172327
455.879281, 294.597228, 198.860513, -43.978370
442.782185, -138.076153, 276.756101, 211.305185
237.968621, -212.120642, -170.821353, -114.265806
573.309393, 370.772468, 360.032876, -55.357613
568.306647, -286.293775, 245.757199, 488.968614
424.299683, -50.698337, 346.792261, 202.511181
343.027276, -173.798718, -114.476486, -33.279981
311.954968, -38.505124, -163.647100, 29.617637
370.864543, -259.367727, -337.456129, 319.386713
435.925282, 281.868541, 190.084473, 125.004678
295.437032, -263.273789, -268.981566, 254.397958
259.474165, -230.884351, 12.806968, -174.472439
377.753466, 25.481851, -270.298621, -253.577467
498.004995, -441.883318, 310.506762, 237.334984
331.606799, -231.921610, -237.976457, -32.128934
294.383554, 76.188615, -266.962698, -197.571332
280.948780, -250.036631, -94.109671, 80.318594
321.431507, -285.805119, -46.153734, 215.009395
481.609533, -58.608093, 209.335112, -323.665197
426.199817, -52.213999, -141.991138, 285.407365
258.793577, -32.177819, -185.292164, -173.747207
268.888355, -239.797094, -244.573659, -129.076507
391.565013, -122.932656, 94.924106, -263.163086
315.637589, 203.358509, -43.838215, -211.828581
426.165943, 193.967428, 185.521389, 285.444110
289.836290, -146.539921, 70.090542, -139.308503
330.052855, 22.730417, -109.697685, 31.350179
454.330352, 118.198859, -150.643180, -304.995739
423.742987, 191.661045, -59.018310, -365.637297
319.754360, -39.289955, -45.024565, -153.500063
369.599970, -115.704768, 18.320538, 318.182672
345.259483, -307.905563, -314.038794, -165.737516
282.125730, 181.245533, -255.589600, -189.300343
436.401639, 364.632171, -144.082419, -376.428469
452.347452, 291.856797, 23.836964, -43.571766
321.563554, -224.043919, 201.031026, -216.345405
330.130658, -166.955487, -47.011135, 157.681098
449.596101, 291.088850, 368.524719, 42.692616
483.119824, 33.833123, 117.432000, -139.390049
423.578009, 192.622425, 184.475134, 121.381897
488.744831, 223.107001, 400.135594, 420.914189
399.353639, -48.074354, 326.658667, -115.466808
491.610350, 223.652974, 402.884605, -236.024030
379.942087, 172.078446, -125.950906, 254.593655
617.305961, 280.380013, 31.989943, 531.862363
432.334985, -52.179021, 104.549429, 372.214553
323.000114, -163.297806, -46.039596, 216.163063
323.369763, -225.336455, 15.727594, 216.308089
571.436946, 150.350950, 248.506416, 273.134878
525.087566, 438.843578, -274.113534, 150.778434
376.947061, -190.093099, 235.612513, -36.861133
305.438744, -213.282033, -160.836547, 262.970401
510.711103, 426.321677, -462.416652, 244.509497
503.557548, 132.550636, 315.664408, 47.658722
259.192447, -81.745140, -86.255390, -223.760017
399.464741, -354.246772, 325.671653, 190.289461
316.378534, 82.825371, 137.835770, -273.133032
401.374396, 336.110305, 98.343543, -115.529635
483.550425, -58.664366, 210.041157, -139.664496
347.274683, -242.176758, -49.683140, 232.352439
543.480800, 38.849495, 235.990665, 363.802459
471.771618, 304.100990, 24.982213, -407.046194
539.508648, 347.762982, -178.523775, 258.213667
398.162414, -201.610509, 20.050375, -343.895120
506.074189, -62.274438, -265.610014, 338.941236
368.628460, -328.387516, -264.865609, 176.117714
313.813265, -219.651294, -285.336615, -90.490877
426.317689, -52.064176, -60.262622, 203.757542
282.570120, -196.995918, 122.453852, -190.057162
265.968890, -134.826973, -88.691344, -127.720542
421.837291, 109.649195, -220.814116, -121.497985
351.480059, 294.047611, 18.752868, -235.851718
581.139316, 487.886747, 476.599114, 166.667416
288.686270, -146.226634, -96.378574, 27.302135
376.599643, -117.820735, 308.070303, -325.451539
415.350076, -129.112195, 339.117341, 357.317530
396.726160, 103.362480, -207.783656, 265.807953
288.288582, 74.840040, -150.853152, -248.752870
446.802962, -54.416287, 108.393048, -128.989752
448.893503, -140.533670, 108.495923, 128.349772
437.588092, 198.249773, 22.906660, -209.913347
315.721014, -280.277060, 196.982643, 29.483548
493.328040, 413.448320, 215.446966, -47.498914
428.398466, 276.271329, 22.629197, -205.439271
415.437429, 267.410635, -217.072571, -39.959076
477.685862, 33.884570, 115.837373, 319.815937
430.669307, -218.144505, -143.779937, 40.730000
332.032199, 277.466321, -109.633953, -222.774731
365.577363, -324.868212, 17.589518, 244.476991
524.247879, 36.809823, 26.677703, 250.593905
323.690799, -164.170320, -107.854560, -279.481444
551.548004, 355.448294, -182.486829, 158.292526
309.000081, 20.732052, -280.373048, -148.199132
472.245164, 304.216196, -156.211192, -45.439799
391.546534, 251.721301, -279.635354, -262.726236
359.157900, 93.861889, -50.357366, 102.953082
370.276272, 309.886381, 90.792129, -319.442969
329.631953, -229.681227, 142.726622, -95.396216
400.931379, -202.886134, -56.983319, 37.864310
584.072114, 488.012732, -416.875256, 503.476242
402.941261, -126.704594, -134.415625, 192.568344
458.350187, 119.481557, -152.106386, 43.598542
430.637932, -51.864972, 269.519576, 40.578000
506.520004, -256.273695, -169.357807, 436.101058
383.230786, -340.444655, 313.019314, -331.423293
555.037147, 358.078286, -77.259343, 265.622122
373.637088, -332.935639, -196.509815, -251.051250
314.014943, 81.696332, -164.410870, 29.889224
455.341277, 31.129084, -238.637083, 43.286367
351.959390, 158.597164, -319.016200, -236.184674
573.309393, 370.772468, 360.032876, -55.357613
409.740587, -286.071752, -137.049344, 117.196257
511.505789, -159.724544, 319.878199, 48.090764
430.667977, -53.210052, -225.884239, -41.626000
440.376583, 115.528009, 191.706588, -127.028917
610.934966, 512.901235, 501.034874, 175.212637
284.673538, -90.020247, -203.918397, -245.696521
418.974462, -212.278234, -139.821896, -40.648260
486.820255, -338.574935, 303.779728, 232.110422
400.647213, -202.881577, -133.807963, 114.651993
270.789846, -85.629908, -193.973179, -233.713761
295.770440, -93.073379, -41.781297, -142.028882
495.020680, -344.594226, 309.182374, -48.510455
514.031767, 429.190308, -465.410571, 443.096596
370.458712, -187.924349, -265.803187, 177.077083
309.684614, 20.994427, -162.183522, -267.247736
421.011919, -212.091645, 182.061411, 362.236859
382.388606, -193.267043, 92.410981, -110.527980
433.631596, 363.196243, 106.221504, -41.723513
426.178792, -378.334458, 265.898756, 39.798626
507.182534, 133.875812, 415.139847, 145.118662
329.762681, -166.579914, 142.989713, -158.553576
473.309406, 397.154005, 388.251035, -45.646926
342.404661, -107.844902, -48.281954, -295.638938
317.641947, -39.319538, -166.545305, -152.421619
337.919877, -300.194210, 211.043356, -162.671826
342.999276, -41.381238, 214.721497, -33.399356
443.234967, 201.461009, 363.347355, -382.670265
381.429765, -265.916676, 165.295411, -256.550334
374.583490, 97.790873, 19.467629, -251.523808
467.901916, -56.211091, 202.853800, 402.774133
440.216181, -307.567258, -231.635700, 125.973066
301.728091, -37.570849, -273.953749, -29.116199
458.951390, 296.907732, 288.174254, 43.626027
485.142022, 218.956163, -439.816763, 418.098729
480.096829, -333.429765, 391.459055, 412.791275
451.809679, 290.572407, -409.337481, 389.417131
344.665463, 155.588372, -180.201970, -297.361852
427.665767, 357.323626, -223.244261, -41.086428
349.796552, -43.377591, -183.340184, -301.900761
507.279105, -256.114236, 122.351358, 144.950050
400.634138, 27.187021, -286.774129, 38.112778
499.151322, -156.081197, 120.501002, 333.998979
359.109308, 94.076327, 156.410765, -241.208365
300.533739, -267.591512, -100.528093, -86.817992
339.087511, 23.630639, 82.501982, -227.779531
370.279254, 239.012385, 161.647321, -319.535438
404.501403, 337.555443, -366.261419, -38.857686
439.573120, 366.938468, -398.005701, 210.451275
402.908530, -126.852737, -211.681828, 269.793997
347.770144, -242.287857, 83.705612, 99.307502
390.265573, -121.673512, 318.906390, 36.625992
397.119276, -200.165781, 324.462639, -114.994078
402.488808, 182.891917, 98.081723, 192.496889
339.384502, -41.300425, 147.515960, -228.083009
509.313150, 426.742206, 26.983948, 438.992627
349.877349, 24.563395, 85.003983, -33.908739
452.694261, -316.227283, -238.260651, 216.276866
460.894747, 297.158204, 24.375720, -309.340401
417.591220, 29.475060, 261.792761, -280.621505
423.269234, 354.270275, -58.683463, 202.626614
335.859726, -105.639891, -47.486627, -96.928867
297.083607, -93.399386, -42.041206, -28.817768
391.076896, -272.672029, 94.332372, -113.108438
414.686842, -49.587566, 259.290334, 356.907390
390.411548, -346.242995, 243.262134, 335.668305
468.029741, -57.653037, -245.602796, 223.783808
372.878390, -116.196588, 233.002993, 249.392355
461.509672, 32.574979, 289.325746, -310.134726
330.130658, -166.955487, -47.011135, 157.681098
292.628898, -204.504642, -97.667804, -196.628699
440.344516, 368.305736, -60.987941, -126.703540
308.663894, -156.570828, -162.151810, -89.045659
383.827967, -193.979151, 18.983369, 109.733629
432.188984, 196.152291, 22.459495, 206.735572
486.559357, -151.934686, 304.277555, 45.745350
600.211560, 157.709654, 145.880191, 401.960592
552.401898, -278.395304, 238.970974, 369.436856
376.599643, -117.820735, 308.070303, -325.451539
383.420592, 100.040081, 19.963242, -330.930222
380.834003, 318.639663, -52.773816, 36.365465
458.776429, 383.327262, -151.469683, -395.728369
383.569959, 248.014258, 314.565939, -257.574779
479.476743, 218.098580, 300.865860, -46.394328
448.484074, -54.610499, 22.636829, 128.370478
321.171661, -39.370392, -45.295248, -31.106458
358.350767, 93.775611, 87.312851, -171.993502
377.760130, -263.784634, -53.698714, -181.509684
530.657279, 343.082151, 333.297849, -152.921327
259.192447, -81.745140, -86.255390, -223.760017
409.355648, -129.195075, -293.462239, 117.284742
499.665970, 417.148005, -452.410120, 334.965532
417.634178, 189.192712, -58.308908, 39.756770
513.379329, 330.467826, -366.718575, 442.480744
337.224167, 152.378606, -111.640593, -290.960319
394.825210, -351.599992, -132.005633, -189.701895
442.948885, -139.139232, 107.446110, -382.573101
261.940360, -183.410581, -238.080656, -226.094212
420.433277, -131.386388, 101.438241, 361.887310
454.817374, 380.925706, 198.725117, -305.249912
310.491821, -216.646263, 75.057606, -268.274485
433.282950, 278.707993, -226.341002, -373.771800
346.909222, 23.465411, -314.877227, 232.426722
366.816684, 25.214639, -192.321181, 245.721463
350.938189, -311.389911, 218.810417, 167.247137
379.891340, -337.785687, 164.544433, -328.376023
548.300031, 144.852928, 448.723889, 261.944680
436.568067, 282.427371, 274.119830, 41.498361
497.012968, 130.146740, 121.046926, -143.312412
428.398466, 276.271329, 22.629197, -205.439271
352.912590, 24.043067, -184.903598, -101.686861
386.074650, -48.003665, -276.423426, -259.200374
443.401331, -308.183024, 276.516968, 381.326574
590.416597, 382.134104, 484.013708, -57.067972
308.870549, -215.774243, -103.178172, -89.184905
244.745152, -77.476303, -222.271699, -164.316932
361.834306, 94.941283, 88.014540, 103.655796
366.720339, -255.281681, 229.047936, -35.937429
398.569561, -353.690357, 171.926837, 342.761830
269.142129, -239.935318, -193.161069, -180.800744
445.087810, 371.352319, -403.015834, -213.323452
315.721014, -280.277060, 196.982643, 29.483548
